# Created by Octave 4.0.3, Fri Aug 12 14:59:06 2016 GMT <unknown@DESKTOP-2NQBNGP>
# name: data
# type: matrix
# rows: 36
# columns: 8
 1 0 0 0 10 0 0 0
 1 0 0 0 10 0 0 0
 1 1 1 0 10 50 0 0
 1 1 1 0 10 50 0 0
 1 1 1 0 10 50 0 0
 1 1 1 0 10 50 0 0
 1 0 2 0 10 50 0 0
 1 0 2 0 10 50 0 0
 1 0 2 0 10 50 0 0
 1 0 2 0 10 50 0 0
 0 2 0 1 10 0 0 10
 0 2 0 1 10 0 0 10
 0 2 0 1 10 0 0 10
 0 1 0 1 10 0 0 10
 0 1 0 1 10 0 0 10
 0 2 0 0 10 0 0 10
 0 2 0 0 10 0 0 10
 0 0 0 1 50 0 50 10
 0 2 0 2 10 0 0 50
 0 2 0 2 10 0 0 50
 0 2 0 2 10 0 0 50
 0 2 0 2 10 0 0 50
 0 0 0 1 50 0 50 50
 0 1 0 1 10 0 0 50
 0 1 0 1 10 0 0 50
 0 0 0 1 50 0 50 50
 3 0 0 0 50 0 0 0
 3 0 0 0 50 0 0 0
 3 0 0 0 50 0 0 0
 3 0 0 0 50 0 0 0
 3 0 0 0 50 0 0 0
 3 0 0 0 50 0 0 0
 2 0 0 0 50 0 0 0
 2 0 0 0 50 0 0 0
 2 0 0 0 50 0 0 0
 2 0 0 0 50 0 0 0


