# Created by Octave 4.0.3, Fri Aug 12 14:59:12 2016 GMT <unknown@DESKTOP-2NQBNGP>
# name: trained
# type: matrix
# rows: 9
# columns: 9
 1 0 0 0 10 0 0 0 1
 1 0 1 0 10 50 0 0 3
 1 0 0 0 10 50 0 0 4
 1 0 2 0 10 50 0 0 5
 1 0 0 0 50 0 0 0 6
 3 0 0 0 50 0 0 0 7
 0 0 0 1 50 0 50 0 8
 0 2 0 1 10 0 0 10 9
 0 2 0 2 10 0 0 50 10


