# Created by Octave 4.0.3, Thu Aug 11 13:59:05 2016 GMT <unknown@DESKTOP-2NQBNGP>
# name: training
# type: matrix
# rows: 7
# columns: 9
 1 0 0 0 10 0 0 0 1
 1 0 1 0 10 50 0 0 3
 1 0 0 0 10 50 0 0 4
 1 0 2 0 10 50 0 0 5
 1 0 0 0 50 0 0 0 6
 3 0 0 0 50 0 0 0 7
 0 0 0 1 50 0 50 0 8


